0.29078 0.9442
0.20385 0.8018
0.71755 0.32774
0.22279 0.55117
0.78243 0.83852
0.66471 0.48587
0.68573 0.73313
0.42993 0.94667
0.77038 0.029639
0.72543 0.20251
0.12321 0.10387
0.87444 0.55797
0.76712 0.43952
0.74796 0.48127
0.79429 0.97848
0.69823 0.84226
0.8997 0.82752
0.66582 0.073931
0.65836 0.48975
0.25238 0.72765
0.2819 0.16985
0.98797 0.75777
0.96447 0.68042
0.67782 0.7908
0.74049 0.83225
0.2055 0.5058
0.15203 0.60678
0.91056 0.56774
0.27011 0.86532
0.18681 0.93019
0.89039 0.096214
0.90622 0.024125
0.21189 0.51655
0.99823 0.34178
0.69909 0.14348
0.13075 0.99293
0.14921 0.087421
0.42942 0.59615
0.55113 0.42771
0.14115 0.53571
0.96628 0.59679
0.87566 0.60331
0.53049 0.28123
0.59228 0.21908
0.42826 0.54356
0.66306 0.18383
0.10312 0.95049
0.94366 0.19647
0.62005 0.80255
0.27558 0.47208
0.81175 0.043272
0.15151 0.56992
0.9469 0.65732
0.45995 0.61308
0.62424 0.52436
0.3087 0.14354
0.60082 0.56234
0.34396 0.96694
0.66502 0.85043
0.89815 0.22619
0.67309 0.95851
0.57625 0.82312
0.61093 0.41926
0.85799 0.98904
0.65977 0.20969
0.9165 0.84603
0.32756 0.9616
0.65897 0.86399
0.91886 0.70411
0.66227 0.73556
0.22571 0.67093
0.12325 0.50063
0.46658 0.52134
0.57675 0.85976
0.37927 0.96007
0.49166 0.053979
0.60655 0.86826
0.066781 0.48553
0.03749 0.68446
0.39272 0.28503
0.1136 0.0030356
0.77878 0.26134
0.092043 0.97084
0.81178 0.91639
0.11974 0.41573
0.45445 0.081737
0.10805 0.40432
0.77654 0.27469
0.24406 0.974
0.45644 0.89852
0.3486 0.49137
0.32784 0.18118
0.021698 0.28866
0.27572 0.36101
0.2151 0.38464
0.92257 0.8645
0.54637 0.38455
0.43645 0.66496
0.50302 0.75785
0.53048 0.69619
