-0.5859613418579102
1.9141149520874023
0.42832136154174805
-0.8029842376708984
1.5627312660217285
-0.1519918441772461
0.6631112098693848
0.2844834327697754
0.3895759582519531
0.4820108413696289
-0.9045290946960449
-0.9725141525268555
0.9020423889160156
-1.017465591430664
-2.2322940826416016
0.19922733306884766
2.117452621459961
-0.48690080642700195
-0.6426906585693359
-1.2743473052978516
0.5743646621704102
0.5150532722473145
-1.0122394561767578
-0.315401554107666
1.5419912338256836
0.6773734092712402
-0.31775474548339844
-0.04299640655517578
0.26941537857055664
1.3854622840881348
-0.31085968017578125
0.34816503524780273
-0.8606290817260742
-1.426687240600586
0.7461929321289062
-0.37003040313720703
-0.6193137168884277
0.06068229675292969
1.0401177406311035
0.7177925109863281
1.6099166870117188
-0.39989233016967773
-0.29213905334472656
0.2572059631347656
1.1421561241149902
-0.8497714996337891
0.40418386459350586
2.5197696685791016
1.0724711418151855
-1.6199350357055664
1.3283348083496094
0.6298422813415527
0.34699440002441406
0.8033585548400879
2.0074987411499023
-2.795896530151367
-0.2974414825439453
-0.7031750679016113
-0.13896465301513672
-0.35026073455810547
0.11830329895019531
0.3690052032470703
-1.203298568725586
-0.3151988983154297
-1.1346912384033203
1.0553646087646484
0.43396711349487305
1.5159797668457031
-0.17763853073120117
-0.04487276077270508
0.732877254486084
0.546715259552002
-0.04127979278564453
0.6611490249633789
0.2515244483947754
1.0026144981384277
-0.4203987121582031
0.5190825462341309
0.922541618347168
1.5609979629516602
0.22118091583251953
1.6871953010559082
-0.1800680160522461
-0.817105770111084
-0.638270378112793
0.34255027770996094
0.4134798049926758
-0.89508056640625
-1.7069005966186523
-0.02196788787841797
1.164548397064209
0.6923508644104004
1.2972807884216309
-0.22310972213745117
-1.7636966705322266
0.9874558448791504
1.5369081497192383
0.5432844161987305
0.9467673301696777
0.8092761039733887
-0.3835725784301758
0.0022172927856445312
-0.9613132476806641
-0.5037498474121094
-0.5798792839050293
-0.9771251678466797
1.3734769821166992
0.649712085723877
0.2881813049316406
-0.21533966064453125
1.0232329368591309
-0.8222389221191406
-0.11306285858154297
0.6615543365478516
-3.1221771240234375
-1.817164421081543
-0.25948524475097656
-3.220195770263672
-0.2548956871032715
1.1159205436706543
1.1380863189697266
1.5506744384765625
-0.08810281753540039
-0.20834684371948242
-0.6572198867797852
1.5268826484680176
-0.5701351165771484
-0.6537342071533203
0.8869409561157227
-0.7390880584716797
-1.1969709396362305
0.8538341522216797
0.5717682838439941
1.5233373641967773
0.5184841156005859
-0.21218299865722656
0.902857780456543
-2.311081886291504
1.3920164108276367
0.2767777442932129
-0.8699750900268555
0.6384634971618652
0.19714117050170898
2.1442627906799316
-1.2011528015136719
0.5453133583068848
-1.0236167907714844
-0.9284543991088867
1.0704588890075684
2.5336098670959473
-0.10718345642089844
0.35269975662231445
-1.3281917572021484
-0.9396648406982422
0.32173633575439453
0.6328821182250977
1.1487388610839844
0.977623462677002
0.9883451461791992
0.19538164138793945
-1.058964729309082
-0.9301257133483887
0.878758430480957
-0.6936550140380859
-0.15232086181640625
-0.19733190536499023
-1.049036979675293
1.3396883010864258
0.2402639389038086
-1.0700654983520508
0.8695363998413086
-0.03853559494018555
0.013778209686279297
0.79437255859375
-2.848539352416992
-1.250925064086914
0.6139922142028809
-1.3538122177124023
-0.44907093048095703
0.2945423126220703
-0.3472018241882324
-0.47216176986694336
-0.5568861961364746
0.6275320053100586
3.009371757507324
-0.15645980834960938
1.5719270706176758
-1.1912298202514648
-0.7911539077758789
-0.9487652778625488
-1.1638927459716797
-0.9695625305175781
1.4267277717590332
-0.47441959381103516
0.7732605934143066
-0.6413745880126953
-0.2810192108154297
1.837625503540039
0.500185489654541
0.18457412719726562
-0.3683185577392578
-1.3295412063598633
-0.33794403076171875
-0.6036043167114258
1.2223100662231445
1.582636833190918
0.09371042251586914
0.23403167724609375
1.043086051940918
0.5937981605529785
0.21813392639160156
-0.8643198013305664
-0.5682539939880371
-0.1574563980102539
1.424422264099121
-0.07487773895263672
-1.1562371253967285
-0.7969546318054199
-0.7996797561645508
0.7114839553833008
1.7127370834350586
-0.39170265197753906
-0.2997446060180664
0.20699262619018555
-0.9287643432617188
1.1402440071105957
0.6965780258178711
-1.2450027465820312
0.0033354759216308594
0.8506512641906738
0.34413814544677734
0.9583425521850586
-1.7648887634277344
1.5888333320617676
0.5550122261047363
-0.20306110382080078
-1.6172599792480469
-0.38022756576538086
-2.440319061279297
-0.940704345703125
0.5429553985595703
0.47875165939331055
0.860445499420166
0.1255631446838379
1.3118219375610352
0.517432689666748
1.2111878395080566
1.6287541389465332
0.16993999481201172
-0.9730434417724609
1.248002052307129
-0.29604196548461914
0.07761478424072266
-0.3544473648071289
-1.3683891296386719
-2.0234107971191406
-1.3571739196777344
-0.09630918502807617
0.014088153839111328
0.6178569793701172
0.05016326904296875
0.3679656982421875
-0.14499187469482422
-0.7238292694091797
0.1341557502746582
-0.6744861602783203
-0.8510637283325195
-0.2474498748779297
0.5841588973999023
-0.34539222717285156
1.6894197463989258
0.17216205596923828
-0.8751869201660156
-0.5216503143310547
0.8259487152099609
-0.03093719482421875
-0.3844308853149414
0.715947151184082
0.4602527618408203
-1.0725212097167969
-1.9921493530273438
-0.4259920120239258
-1.616659164428711
0.36133527755737305
-1.5094232559204102
0.882117748260498
0.49269676208496094
-0.4583621025085449
0.06191253662109375
-0.625758171081543
-0.748593807220459
0.07453441619873047
1.444840431213379
0.2601790428161621
-0.6384086608886719
0.3390955924987793
1.8861055374145508
-4.659156799316406
-1.1157941818237305
1.2453150749206543
-0.5421113967895508
-0.9591817855834961
0.27343273162841797
-0.47527313232421875
-0.24962186813354492
0.6866788864135742
1.5537786483764648
-0.8790326118469238
1.3860011100769043
-0.48854827880859375
2.0875024795532227
-1.1127328872680664
-1.739945411682129
-1.1822986602783203
0.020134449005126953
1.3614130020141602
-2.6682376861572266
-1.12396240234375
-0.9166049957275391
-0.16176700592041016
-1.2059640884399414
-0.38266897201538086
-1.606907844543457
0.6252050399780273
-0.16498088836669922
-2.223939895629883
-0.6982564926147461
0.03996849060058594
-0.5706787109375
0.9908246994018555
-1.8219947814941406
-2.1330928802490234
-1.3864469528198242
0.7743024826049805
-0.39410829544067383
0.5030441284179688
-0.6644535064697266
0.4780149459838867
1.6373920440673828
2.274332046508789
-0.2047896385192871
0.15937089920043945
-0.6033945083618164
1.7825889587402344
0.5708861351013184
0.6706547737121582
-1.8886470794677734
0.6409406661987305
-0.012617111206054688
0.011250972747802734
0.5447864532470703
0.6815576553344727
0.4573225975036621
0.42170286178588867
0.33544063568115234
-0.8134126663208008
1.7003464698791504
-0.7969188690185547
0.29926300048828125
0.27992725372314453
-0.3576231002807617
0.09441614151000977
-0.4733085632324219
2.398364543914795
1.7323589324951172
0.12192010879516602
0.09068727493286133
-0.11054754257202148
-1.0486292839050293
0.34672975540161133
-0.8975505828857422
-0.2446746826171875
-0.07411956787109375
-0.4172086715698242
1.1405706405639648
0.2357339859008789
-2.613668441772461
-1.4599275588989258
-0.03973960876464844
-2.1222496032714844
-0.7381749153137207
1.2346458435058594
-1.157536506652832
-0.8364772796630859
-0.12920379638671875
2.0930933952331543
2.531132698059082
0.7169747352600098
-0.7101202011108398
0.7683396339416504
-0.14940738677978516
-0.06327629089355469
-0.16150951385498047
-1.1725330352783203
0.24905920028686523
0.6559538841247559
1.181168556213379
1.439652442932129
0.11785268783569336
0.831751823425293
-0.32173633575439453
0.4653167724609375
0.31694889068603516
-0.5029034614562988
0.6743955612182617
-1.530318260192871
-1.1016559600830078
-1.0001945495605469
0.11446952819824219
1.0455322265625
-0.5876493453979492
-1.0635948181152344
-0.11385679244995117
0.21210193634033203
0.23199796676635742
-0.7352352142333984
1.7662858963012695
-0.17162322998046875
0.5824851989746094
-1.0934162139892578
1.435561180114746
0.39429187774658203
-0.2431964874267578
0.9762382507324219
0.33066511154174805
0.4456520080566406
-0.4374217987060547
-2.3430871963500977
0.052504539489746094
0.6366682052612305
1.9392919540405273
-0.28649091720581055
-0.6995010375976562
-0.8918905258178711
-0.6752490997314453
-0.7255887985229492
2.1144628524780273
-0.19068241119384766
-0.13118743896484375
2.147235870361328
-0.21273136138916016
2.4585390090942383
1.1070513725280762
1.2329459190368652
-0.1938152313232422
-0.48552989959716797
-0.35400390625
1.2288284301757812
-0.7887506484985352
1.3489055633544922
0.2456831932067871
-0.3553962707519531
0.0397181510925293
-0.11513471603393555
0.9109163284301758
0.6793093681335449
-1.5202569961547852
0.1896524429321289
-1.3956451416015625
0.4815506935119629
2.263665199279785
0.3760862350463867
-0.07665634155273438
-0.677485466003418
-1.0538816452026367
-0.48969268798828125
2.736382484436035
-0.15740394592285156
1.4885449409484863
-1.9147348403930664
1.6674447059631348
-1.280517578125
0.45203685760498047
1.0162663459777832
-1.187119483947754
-1.2031793594360352
-1.098952293395996
-0.1120305061340332
-1.0080623626708984
0.02056121826171875
-1.4159727096557617
0.8664894104003906
2.718052864074707
0.7791328430175781
-1.1520719528198242
2.00498104095459
-1.3732624053955078
-0.2737879753112793
-1.303095817565918
0.545957088470459
-1.5727996826171875
0.2741718292236328
0.3910350799560547
-1.0136222839355469
-0.061402320861816406
0.5640816688537598
1.284165382385254
-0.3458404541015625
-0.433502197265625
1.5966105461120605
1.1380219459533691
-0.09599447250366211
1.4408373832702637
0.039136409759521484
-0.6394529342651367
-0.12516260147094727
-2.164640426635742
0.9558629989624023
0.09183406829833984
0.6730508804321289
1.181340217590332
0.8397746086120605
-2.1105146408081055
1.0540771484375
-1.5678882598876953
-0.9303903579711914
-1.3004302978515625
-2.6416778564453125
-1.7641735076904297
0.9359598159790039
-1.7567634582519531
-0.055985450744628906
-1.8390226364135742
2.093777656555176
-2.496180534362793
-0.8157014846801758
-1.0296916961669922
0.20719528198242188
-1.0496878623962402
-0.6268644332885742
-0.7831192016601562
-0.7938623428344727
0.540001392364502
-0.7849979400634766
0.2950310707092285
-0.16655921936035156
-0.7036113739013672
0.9067130088806152
0.7483768463134766
-0.2907228469848633
-0.5994558334350586
0.7084774971008301
-1.1412239074707031
0.4929661750793457
0.9949564933776855
-2.770709991455078
-1.1346864700317383
-1.007227897644043
-0.4236602783203125
0.8827733993530273
-2.854890823364258
0.14669418334960938
-0.6449437141418457
-1.8428611755371094
-1.6766119003295898
0.21007537841796875
-0.22720813751220703
-1.0148072242736816
1.9262361526489258
-2.861309051513672
-0.6138849258422852
0.7225370407104492
2.190721035003662
-2.1342945098876953
2.0629525184631348
1.8376445770263672
-0.18890619277954102
0.20491838455200195
-1.2097978591918945
1.3360881805419922
-0.22794723510742188
1.2394142150878906
-0.6575298309326172
-0.8439540863037109
1.2792253494262695
0.8567023277282715
0.1391124725341797
-0.4679298400878906
0.42226552963256836
-0.18445491790771484
-0.40287017822265625
0.805051326751709
-0.9691333770751953
1.8606257438659668
0.7574319839477539
-1.613602638244629
1.060032844543457
-1.0546255111694336
0.8115434646606445
0.2528524398803711
-0.6134533882141113
-2.751293182373047
-1.1439180374145508
-0.35855770111083984
0.14557361602783203
0.7513308525085449
-0.5657720565795898
1.1118578910827637
0.6361865997314453
0.16136646270751953
1.8103551864624023
0.7208657264709473
-0.8151960372924805
0.22353649139404297
-2.071046829223633
-0.19915342330932617
-0.5284833908081055
-0.19236087799072266
-0.03159761428833008
-1.1195993423461914
0.1055288314819336
1.688072681427002
-2.179422378540039
-0.10654926300048828
0.25401830673217773
-0.2812385559082031
0.4055452346801758
-0.07759571075439453
1.3666009902954102
-0.08219480514526367
-1.2131047248840332
0.02254486083984375
0.3887605667114258
1.5467548370361328
2.2356128692626953
-1.0849380493164062
0.5351758003234863
-0.41459083557128906
0.5345630645751953
-0.034117698669433594
-0.8952474594116211
1.2774920463562012
0.3968644142150879
0.7564425468444824
0.07317543029785156
-1.5213394165039062
-0.9976077079772949
-0.05496978759765625
-1.2350797653198242
-2.987842559814453
1.2740850448608398
-1.7075395584106445
-0.02414703369140625
-0.26868104934692383
-1.5819025039672852
-2.078537940979004
0.9238409996032715
-0.3582286834716797
-0.9304428100585938
-0.004305839538574219
1.904129981994629
-0.22182464599609375
0.2195572853088379
0.9006094932556152
-1.1938238143920898
-0.12891292572021484
0.8718323707580566
2.2191524505615234
2.0281457901000977
-0.8394026756286621
0.8852434158325195
-0.7924604415893555
2.037320137023926
0.8961939811706543
-2.1245861053466797
0.15808343887329102
0.8129501342773438
0.741269588470459
0.2457594871520996
1.2186670303344727
0.4923582077026367
-0.992279052734375
0.4339480400085449
-1.8861579895019531
-0.5798697471618652
-1.2772798538208008
0.221405029296875
1.690359115600586
-1.0036230087280273
0.3575420379638672
-0.17533063888549805
2.629551887512207
0.21212339401245117
0.7086706161499023
0.1610732078552246
0.9963321685791016
-0.6158685684204102
0.35190343856811523
-0.9363889694213867
-2.4860620498657227
1.4241504669189453
-1.050262451171875
1.4772772789001465
-0.4800224304199219
1.6678571701049805
-0.45253753662109375
2.8867387771606445
0.2995586395263672
0.33420324325561523
-0.41153907775878906
0.17168045043945312
0.25495290756225586
-0.22617340087890625
-0.6017827987670898
0.17874717712402344
-2.435474395751953
0.4847574234008789
0.547947883605957
-0.981898307800293
0.4552125930786133
0.5410313606262207
-1.3551759719848633
0.5397176742553711
0.4863119125366211
-2.256765365600586
-1.8967628479003906
0.47147512435913086
0.41971445083618164
0.07120370864868164
-0.12735843658447266
1.8048286437988281
-0.8618068695068359
-0.7946300506591797
0.05937814712524414
0.7044601440429688
1.552438735961914
1.8925666809082031
-0.4244565963745117
-0.5908703804016113
0.8678388595581055
0.13097763061523438
1.078488826751709
1.3157892227172852
0.10808706283569336
-0.4186058044433594
0.34364938735961914
-0.3179144859313965
2.547154426574707
-0.7387018203735352
-0.5217695236206055
0.7595562934875488
-1.6135263442993164
2.7887535095214844
-0.319976806640625
2.542691230773926
-0.8351421356201172
-0.1336050033569336
-2.3134374618530273
1.7008018493652344
-1.5695571899414062
0.9320688247680664
0.060405731201171875
-0.6087923049926758
2.031979560852051
0.7878470420837402
1.374516487121582
-0.23055315017700195
1.4143681526184082
1.6428422927856445
-0.3251028060913086
1.2008190155029297
-0.6792974472045898
-1.1128520965576172
0.01683950424194336
2.075042724609375
-0.06625652313232422
0.542905330657959
0.11162281036376953
0.33589839935302734
0.2556610107421875
-0.03119945526123047
1.6696596145629883
0.328216552734375
-1.440110206604004
-0.7955503463745117
0.9986162185668945
0.0837850570678711
-0.49123048782348633
0.04952669143676758
1.0828471183776855
-0.03920555114746094
1.5060091018676758
1.3120126724243164
-0.4797220230102539
-0.5623626708984375
1.9936656951904297
-0.8546543121337891
0.6850719451904297
-1.391587257385254
-0.8149480819702148
1.1551809310913086
1.6416215896606445
0.4111194610595703
-0.45781373977661133
-0.3859853744506836
-0.3580355644226074
1.2563371658325195
0.11192560195922852
0.3852701187133789
1.745600700378418
-1.3240289688110352
-2.474966049194336
0.7036089897155762
-0.7301998138427734
-0.03886222839355469
1.541438102722168
-1.8503522872924805
1.5319466590881348
-0.16963481903076172
1.007378101348877
-1.0927200317382812
0.4931950569152832
0.7597589492797852
0.9025382995605469
1.891024112701416
-0.34567832946777344
-1.124267578125
0.7085752487182617
-0.7434558868408203
-0.8195781707763672
0.029680728912353516
-2.001323699951172
-1.6620445251464844
1.1951184272766113
-0.6754302978515625
-0.11133670806884766
-0.5955862998962402
0.5924153327941895
-1.355605125427246
-0.6953668594360352
0.15498638153076172
-0.25856971740722656
-0.9010934829711914
0.6397247314453125
1.4702320098876953
-0.2277684211730957
0.13560056686401367
0.0017261505126953125
-2.713003158569336
0.3814554214477539
-0.9702730178833008
1.1090493202209473
1.8945503234863281
0.7664203643798828
1.3945531845092773
-1.069786548614502
-0.6877040863037109
1.3646388053894043
0.7164716720581055
-0.25452375411987305
-0.4219484329223633
-0.7889699935913086
-0.6759548187255859
-0.11449813842773438
-1.2984991073608398
0.5739712715148926
0.6665754318237305
0.23781299591064453
1.108705997467041
-0.3630518913269043
2.239532470703125
-0.1956772804260254
-0.5766558647155762
-0.7486629486083984
-0.09972572326660156
-0.15082836151123047
0.40155887603759766
-0.572209358215332
-0.6424665451049805
0.44970035552978516
1.4750289916992188
-0.6938648223876953
0.8947849273681641
0.052204132080078125
-0.41590213775634766
-1.808919906616211
-1.0320615768432617
0.8915996551513672
1.4162755012512207
-0.9429335594177246
1.3112163543701172
1.0719776153564453
0.6690406799316406
0.34888267517089844
-1.305527687072754
1.1910581588745117
0.35501956939697266
1.7679977416992188
0.34081459045410156
-0.1528024673461914
0.11415958404541016
0.40522098541259766
-0.678098201751709
-0.7552433013916016
2.279348373413086
0.9419727325439453
-0.7722902297973633
-0.16973495483398438
0.9083247184753418
0.2198195457458496
0.7606005668640137
-1.2950706481933594
1.1977338790893555
0.6710028648376465
0.68511962890625
-2.347416877746582
-0.46575069427490234
1.179513931274414
0.12740612030029297
-1.055152416229248
-0.05783796310424805
-0.6554937362670898
-0.8961057662963867
-0.9533357620239258
0.5133271217346191
-2.422657012939453
-0.9110474586486816
1.2270426750183105
-1.491708755493164
0.8136940002441406
0.2338552474975586
0.9645438194274902
-1.4316844940185547
-0.05918741226196289
0.36208152770996094
0.9666252136230469
0.2924823760986328
-1.2903213500976562
0.13844013214111328
0.5465865135192871
-0.5416250228881836
0.3046751022338867
-0.13518333435058594
-0.2642512321472168
-1.0718655586242676
-2.305631637573242
-0.42541980743408203
1.0591602325439453
1.122879981994629
-0.2288985252380371
1.8303227424621582
-1.6591787338256836
-0.9944725036621094
-0.8888864517211914
-1.5843009948730469
0.5805683135986328
0.4564380645751953
-0.8197593688964844
0.9468889236450195
0.14864444732666016
0.9101366996765137
-0.33574342727661133
-0.2813434600830078
-0.3716135025024414
-0.3466463088989258
-0.14770984649658203
-0.26248693466186523
-0.13537168502807617
0.7200336456298828
-2.6808643341064453
0.7424306869506836
-1.4155054092407227
-2.2037267684936523
0.7550358772277832
-3.4326839447021484
-0.33048152923583984
-0.9902095794677734
-0.5972576141357422
-0.9121227264404297
1.7644929885864258
-0.3195810317993164
-1.426405906677246
-0.2463817596435547
0.4079866409301758
-0.17987728118896484
1.5274548530578613
-0.49721717834472656
2.224407196044922
0.9725618362426758
-0.27277469635009766
-0.7685422897338867
0.901343822479248
0.15629291534423828
-0.3174257278442383
1.045682430267334
0.05226612091064453
-0.24559974670410156
0.8123612403869629
-0.3404879570007324
0.2904200553894043
-0.06428956985473633
0.12329816818237305
-1.707167625427246
0.4416179656982422
-1.0333776473999023
-0.5071783065795898
1.2838244438171387
-0.13154983520507812
-0.9492588043212891
-1.6714096069335938
-0.003764629364013672
1.0232782363891602
-1.3436508178710938
-2.137908935546875
-0.6680202484130859
0.3295135498046875
-0.3313922882080078
0.17841100692749023
0.7430267333984375
-0.3196287155151367
0.1019287109375
-1.5715408325195312
-0.6565666198730469
-0.8939886093139648
0.6228852272033691
-0.17296314239501953
-0.19545555114746094
-0.1632833480834961
0.22918701171875
0.8201098442077637
0.3089451789855957
-0.45812368392944336
1.384139060974121
-0.021388530731201172
0.6354498863220215
-1.8529987335205078
-0.7670307159423828
0.9797811508178711
-0.17908096313476562
-1.0131072998046875
1.2176942825317383
-0.9243679046630859
-0.36113977432250977
-1.8903493881225586
0.5164241790771484
0.693211555480957
1.2730908393859863
0.24182796478271484
-0.5462837219238281
0.7751893997192383
-0.3826761245727539
-0.6274223327636719
0.5404329299926758
-1.1595964431762695
-1.386861801147461
-2.1735668182373047
-1.3363075256347656
-0.4660463333129883
0.9331607818603516
-1.147007942199707
0.9915542602539062
0.260164737701416
-0.020892620086669922
0.13538837432861328
0.5541706085205078
-0.6971049308776855
-0.4871249198913574
-1.1138534545898438
1.316540241241455
-0.23279666900634766
0.5222845077514648
2.746443748474121
0.48378705978393555
-0.591881275177002
1.3992738723754883
-0.871124267578125
2.243075370788574
-0.4485774040222168
0.5969619750976562
-0.11844396591186523
0.29235363006591797
0.19737720489501953
1.7557048797607422
0.547490119934082
0.3188800811767578
-3.6013031005859375
0.9673738479614258
-0.4567241668701172
0.6226086616516113
0.5433750152587891
0.35079002380371094
-1.0652589797973633
-0.0037050247192382812
-0.16862154006958008
-1.2804079055786133
0.3731870651245117
0.2108144760131836
-0.18622875213623047
0.3031301498413086
-0.2791714668273926
-0.5503106117248535
0.5105376243591309
0.9920430183410645
-1.153721809387207
-0.5178737640380859
0.6751394271850586
1.2621665000915527
-1.3944149017333984
0.1533198356628418
-0.6366920471191406
0.43804168701171875
1.4625930786132812
0.5186009407043457
0.893096923828125
-0.23610591888427734
1.840832233428955
-1.2827301025390625
0.8314919471740723
-0.7589149475097656
2.140936851501465
0.8200883865356445
0.9029269218444824
0.29509782791137695
0.8347272872924805
0.36370277404785156
-0.24291753768920898
1.1681532859802246
-1.0048770904541016
0.534820556640625
-0.3801536560058594
0.12848615646362305
-0.8615684509277344
-2.333402633666992
0.13826370239257812
0.23900270462036133
0.7425284385681152
-1.7708873748779297
-2.058377265930176
-0.8882522583007812
-0.7453155517578125
0.42847633361816406
0.6624913215637207
0.1076960563659668
-1.4002084732055664
1.347520351409912
0.5398416519165039
1.2127041816711426
-2.2291183471679688
0.37502050399780273
-0.6968474388122559
-0.5168342590332031
2.3000526428222656
-0.3560829162597656
0.8168554306030273
0.2803611755371094
-0.7877111434936523
0.47434568405151367
-1.285700798034668
-1.1296939849853516
0.5878949165344238
0.7162380218505859
-0.9372496604919434
1.1867547035217285
0.9398150444030762
0.9638690948486328
3.30810546875
-0.040285587310791016
0.07775068283081055
0.021436214447021484
-0.18999099731445312
0.5360269546508789
0.11430740356445312
1.1022448539733887
-1.826028823852539
1.0213994979858398
0.2228832244873047
-1.5549802780151367
-0.25554418563842773
-1.0482215881347656
1.5586280822753906
0.040230751037597656
0.8307456970214844
-1.4141654968261719
0.26259422302246094
0.9071040153503418
-0.727837085723877
2.2524261474609375
-0.287628173828125
-1.2027549743652344
-0.10889291763305664
0.7027578353881836
2.4898266792297363
-0.8066844940185547
1.6390442848205566
0.3126335144042969
-0.006918907165527344
-0.736701488494873
-0.5193662643432617
-0.47775745391845703
-0.27150869369506836
-0.5068635940551758
-0.3865480422973633
0.46750783920288086
0.5238819122314453
1.1760878562927246
-0.0449824333190918
-1.011819839477539
1.6148161888122559
3.0204296112060547
0.6293392181396484
0.6855678558349609
1.4057683944702148
1.0347270965576172
0.6859469413757324
-0.8033990859985352
1.259751319885254
1.2064862251281738
-0.9925007820129395
0.09808778762817383
-0.6123805046081543
-2.6712703704833984
-0.4788064956665039
-3.445606231689453
-0.36494016647338867
0.9612417221069336
1.0261321067810059
-4.299774169921875
1.6627073287963867
-0.04550457000732422
-0.890049934387207
0.35498619079589844
0.6716775894165039
1.3342523574829102
-0.716099739074707
1.0370731353759766
-2.2848129272460938
-0.1627349853515625
-0.9856224060058594
-0.15362262725830078
0.779111385345459
0.5360531806945801
-0.35282373428344727
-0.6826305389404297
-1.3352108001708984
-0.8184671401977539
0.4760146141052246
0.7905101776123047
0.3030872344970703
0.4751396179199219
-2.7331066131591797
-0.2709031105041504
0.027527809143066406
0.6704807281494141
0.6029081344604492
4.831600189208984
0.8966779708862305
-3.9497947692871094
2.466769218444824
-0.17053604125976562
-1.1116313934326172
-1.5875768661499023
0.5845451354980469
0.33657312393188477
-0.6691646575927734
-1.9436264038085938
-2.1904754638671875
0.7120895385742188
0.6164002418518066
2.1657514572143555
-1.593642234802246
-0.06757497787475586
-1.386561393737793
-0.4989767074584961
-0.0790262222290039
-1.6531753540039062
-0.4636526107788086
-0.5175590515136719
0.11409282684326172
-0.17695188522338867
1.1108636856079102
-1.560502052307129
-0.010595321655273438
0.84259033203125
-0.274813175201416
-1.7591190338134766
-1.1619091033935547
-0.761864185333252
0.1526784896850586
0.9109067916870117
1.6164422035217285
0.7326078414916992
-0.11683464050292969
-0.45311927795410156
0.6292629241943359
-0.6397819519042969
-2.1192073822021484
1.1678051948547363
-0.01600503921508789
0.850670337677002
-2.8348922729492188
-1.3001775741577148
0.21261215209960938
-1.0857391357421875
1.0590600967407227
0.8734941482543945
-0.8344054222106934
-0.20885705947875977
0.7944965362548828
1.7747926712036133
0.6443524360656738
1.2450599670410156
-0.2531719207763672
0.3547072410583496
-0.47328948974609375
0.2566719055175781
-1.5520334243774414
1.3161325454711914
-1.8762588500976562
-0.3461885452270508
0.6145143508911133
0.44801950454711914
-1.4292287826538086
1.8596315383911133
-1.7606735229492188
1.88554048538208
-0.24012088775634766
1.411745548248291
0.7223987579345703
-0.0058269500732421875
-0.14114856719970703
1.4103507995605469
-1.640486717224121
1.4914178848266602
0.2599525451660156
1.0885429382324219
0.5025720596313477
0.7495760917663574
0.9199428558349609
-1.908273696899414
-0.3782963752746582
0.5873990058898926
-0.8596038818359375
0.7285237312316895
0.9807348251342773
-0.3879833221435547
-0.8371877670288086
0.8710503578186035
0.8392167091369629
1.2139415740966797
0.7906198501586914
-0.010595321655273438
-1.1794376373291016
1.0369586944580078
0.625910758972168
0.48680782318115234
1.144700050354004
-0.016415119171142578
-0.5725955963134766
-0.5728960037231445
-0.4040217399597168
-0.46143054962158203
-0.19064903259277344
1.3929367065429688
-0.11566877365112305
0.972292423248291
-0.9587240219116211
-0.4827117919921875
-0.24337530136108398
-0.09135246276855469
-0.6848812103271484
0.3835892677307129
1.7237472534179688
0.872344970703125
-0.6951713562011719
0.31430721282958984
-0.7292795181274414
0.25871992111206055
0.8566522598266602
1.488327980041504
0.524594783782959
-1.3052129745483398
-0.1560688018798828
-0.7872319221496582
1.3094472885131836
-0.8666896820068359
-0.11880874633789062
0.769038200378418
0.706334114074707
0.5281209945678711
-1.4261245727539062
0.04477262496948242
-0.8708953857421875
-0.7965683937072754
-1.1837434768676758
-3.4439754486083984
-0.7697200775146484
0.2579689025878906
1.8188095092773438
1.5513062477111816
0.28362512588500977
2.5099849700927734
0.8719253540039062
0.46759605407714844
-1.6339969635009766
0.004973411560058594
2.38039493560791
-0.09636402130126953
-0.9045171737670898
-1.1510658264160156
-0.9852862358093262
-0.711979866027832
-0.9191465377807617
-1.435394287109375
0.4326629638671875
-1.0206222534179688
-0.2528262138366699
-1.0024547576904297
-0.46921730041503906
-1.2394237518310547
-0.8983564376831055
-0.3420543670654297
-1.95831298828125
-0.5480337142944336
-0.048618316650390625
-0.10893821716308594
0.05679130554199219
0.43147802352905273
-1.4747381210327148
1.3391542434692383
0.21398067474365234
-0.21147727966308594
-1.7256546020507812
0.31580448150634766
-1.466078758239746
0.17572402954101562
1.783902645111084
-3.557605743408203
-0.9106993675231934
0.4942893981933594
0.048143863677978516
0.1555943489074707
-0.9848880767822266
0.1202535629272461
0.4604816436767578
-2.636442184448242
-0.08480072021484375
-0.6098532676696777
0.03413677215576172
-0.2187490463256836
1.4071369171142578
0.4962754249572754
-1.5338659286499023
0.28634071350097656
0.16766071319580078
0.780174732208252
-0.2534937858581543
-1.1631107330322266
0.028247833251953125
-1.4731693267822266
-0.41698455810546875
0.36374807357788086
-0.08953094482421875
-0.3172111511230469
-0.5956864356994629
-0.5556893348693848
-1.3488101959228516
-0.9142112731933594
0.1831197738647461
0.688023567199707
1.3804006576538086
0.5571842193603516
1.5055608749389648
1.8740415573120117
0.1940321922302246
-0.944366455078125
-0.8948516845703125
0.41027307510375977
-2.297353744506836
2.2588014602661133
1.079087257385254
1.77825927734375
-0.03452777862548828
1.6110038757324219
-0.5877232551574707
-0.47696590423583984
-1.0256385803222656
0.31097888946533203
-3.2917022705078125
1.885206699371338
3.200712203979492
0.3473043441772461
0.8236074447631836
-1.3643765449523926
-0.044438838958740234
0.44291019439697266
-0.014977455139160156
0.6730079650878906
0.2514004707336426
-0.158233642578125
-1.5547752380371094
-1.2919044494628906
0.3842782974243164
-0.047888755798339844
1.5643882751464844
0.00759124755859375
-1.0740923881530762
-0.9707951545715332
-0.5468463897705078
-1.5913105010986328
2.163252830505371
-0.654301643371582
2.6282644271850586
0.771946907043457
-1.5530586242675781
1.1127281188964844
-0.7105779647827148
-0.08242607116699219
1.752312183380127
-0.4375171661376953
-0.2424001693725586
-0.8054113388061523
0.8337831497192383
-0.22320270538330078
2.3777341842651367
-0.15334367752075195
-0.014426708221435547
0.9479141235351562
-0.35475730895996094
-0.011649131774902344
-1.7213773727416992
0.13898372650146484
0.3113222122192383
-0.1415252685546875
-0.1405620574951172
-0.936884880065918
0.2850937843322754
0.64361572265625
-0.5545949935913086
-1.276407241821289
2.1025705337524414
-1.5154170989990234
1.3570737838745117
-0.668480396270752
-2.2858810424804688
-1.2383699417114258
-0.04381418228149414
-1.346287727355957
1.6945266723632812
0.5891013145446777
0.30872583389282227
1.203153133392334
-0.14969348907470703
-2.2250843048095703
0.5885410308837891
-3.437366485595703
-0.05624532699584961
0.8078193664550781
1.729280948638916
1.1048316955566406
1.375584602355957
-0.6219673156738281
-2.500901222229004
-0.1184701919555664
1.0110712051391602
-0.33916473388671875
1.493363380432129
-0.7326555252075195
0.9654521942138672
-1.0407733917236328
-0.2593564987182617
0.10679006576538086
-0.5585336685180664
-1.1420249938964844
1.0680675506591797
1.3834047317504883
2.407379150390625
1.4318585395812988
-0.19868135452270508
-0.8206844329833984
-0.8954238891601562
-1.6082572937011719
2.293369770050049
-0.8993959426879883
1.4228248596191406
0.6991696357727051
0.1417255401611328
0.5704021453857422
-0.31409263610839844
-2.7097225189208984
0.6561827659606934
-1.3958740234375
-0.6658554077148438
-1.327662467956543
1.2868404388427734
-2.3530101776123047
0.01680135726928711
0.5678820610046387
0.5923318862915039
-0.6139874458312988
0.26018381118774414
0.2855968475341797
0.48546314239501953
1.8064332008361816
1.3237476348876953
-0.5432415008544922
-1.897425651550293
0.5362224578857422
-1.1892938613891602
-0.01690387725830078
-1.6367006301879883
-0.16150951385498047
0.4412269592285156
1.3000965118408203
0.46857357025146484
-0.09824275970458984
-0.6840610504150391
-0.2865791320800781
0.5819797515869141
0.13175487518310547
-0.39946794509887695
0.9053707122802734
-0.28548717498779297
0.6966376304626465
-1.6802215576171875
-0.8569669723510742
-1.3378715515136719
-0.23608684539794922
1.1575126647949219
2.059922218322754
1.0991120338439941
0.9535002708435059
-0.2750873565673828
-0.09676933288574219
-0.06357192993164062
-1.5117359161376953
0.7767486572265625
0.7855868339538574
-0.5181121826171875
0.3373837471008301
-0.326235294342041
-0.754857063293457
-0.03326416015625
2.046799659729004
0.8077621459960938
-0.30228137969970703
-2.274293899536133
-0.16786575317382812
-1.6586780548095703
0.16339778900146484
-1.6651678085327148
-0.3820466995239258
0.6787896156311035
-1.4524126052856445
-1.7543411254882812
0.7102227210998535
-1.6193103790283203
-1.3368988037109375
1.0566902160644531
-0.13464927673339844
-2.5936031341552734
0.740504264831543
0.042917728424072266
0.3725886344909668
-2.0667266845703125
-0.7877993583679199
-0.7421445846557617
-0.8055758476257324
0.57952880859375
-0.26402950286865234
-0.27042388916015625
2.138671875
0.7987523078918457
-0.6203556060791016
1.0233473777770996
0.12334585189819336
2.20914363861084
-1.7879581451416016
1.0202980041503906
1.0761594772338867
-0.8254051208496094
1.15753173828125
-0.2943086624145508
-0.736083984375
0.2250361442565918
1.181793212890625
1.2906360626220703
-0.5217981338500977
-1.6423225402832031
-1.9542455673217773
0.7812952995300293
-0.9040307998657227
0.11386632919311523
1.1681032180786133
-1.508498191833496
0.2138686180114746
-0.4457211494445801
-0.5319929122924805
0.7893538475036621
2.380800247192383
0.5025935173034668
-1.1005592346191406
0.8093094825744629
-1.2136173248291016
1.7801618576049805
0.7428407669067383
-0.7403063774108887
0.16571998596191406
2.410154342651367
0.16366958618164062
-0.6994867324829102
0.34353017807006836
1.7401504516601562
0.1758432388305664
1.313331127166748
1.0225200653076172
0.35618066787719727
-5.578994750976562E-4
-1.3234806060791016
-0.7686495780944824
0.1203298568725586
-0.05575418472290039
0.7935762405395508
3.916349411010742
1.084294319152832
-0.7665777206420898
-0.6290388107299805
0.04765510559082031
0.8577585220336914
0.9545564651489258
0.9904837608337402
-1.0232782363891602
0.03354310989379883
1.5153717994689941
0.33118247985839844
-0.3710460662841797
-0.09550809860229492
-0.3251028060913086
-0.09618759155273438
1.4659833908081055
0.8111453056335449
1.5051794052124023
0.6807231903076172
0.6912040710449219
2.0403528213500977
-0.05341053009033203
1.397862434387207
-0.49785614013671875
-0.8042764663696289
0.4625368118286133
-0.5832242965698242
-1.0098695755004883
-2.844696044921875
0.6420207023620605
0.10286808013916016
-0.8094167709350586
-0.5816745758056641
1.3130736351013184
-1.6247987747192383
0.08331298828125
0.19901275634765625
0.44414281845092773
-0.4298710823059082
-0.4341316223144531
0.1742410659790039
0.5166387557983398
0.7367944717407227
0.7811522483825684
-0.19012689590454102
0.9012436866760254
-0.7595300674438477
-0.070648193359375
-2.359151840209961
-1.6513252258300781
-0.5440378189086914
-0.2895665168762207
-0.8300399780273438
-3.240966796875
-2.1926116943359375
-1.158437728881836
0.569300651550293
1.6937923431396484
-0.37448883056640625
-1.908564567565918
-0.025472640991210938
-1.1130475997924805
0.13452529907226562
0.5233287811279297
0.7861614227294922
-0.08327007293701172
1.6658926010131836
-0.06438493728637695
-0.7224035263061523
0.46332836151123047
-1.2204742431640625
-0.22973060607910156
-0.9369277954101562
1.5786528587341309
1.3123369216918945
-1.1626768112182617
0.29632568359375
0.6838822364807129
-2.285795211791992
0.49492359161376953
-1.7805051803588867
1.5323972702026367
-2.3261642456054688
1.297314167022705
-0.21365642547607422
-0.26825904846191406
0.19229650497436523
1.6762924194335938
1.2138056755065918
-0.4289984703063965
-1.2257719039916992
0.8971881866455078
-0.35817623138427734
1.5072059631347656
0.5601310729980469
-1.5434789657592773
-0.6609725952148438
0.0976872444152832
-2.020883560180664
0.7767081260681152
-0.9645748138427734
-0.36974430084228516
-1.3104057312011719
-0.4584646224975586
-0.6111764907836914
-0.10117769241333008
-0.8054304122924805
-0.5895709991455078
0.8643674850463867
0.7294487953186035
-1.051180362701416
-1.5942001342773438
-0.5955886840820312
-0.3724336624145508
-1.409912109375
1.7070341110229492
-0.8347415924072266
0.6162786483764648
-0.04938840866088867
-1.2244653701782227
-1.0129737854003906
1.3478732109069824
1.6433334350585938
-1.705026626586914
-0.91583251953125
0.07501602172851562
-0.44052839279174805
-0.28867244720458984
-0.48183679580688477
1.1317825317382812
-1.058495044708252
0.1420283317565918
-2.0197391510009766
0.4358792304992676
0.779416561126709
0.29024600982666016
0.9928798675537109
1.540987491607666
-0.00820159912109375
0.484616756439209
-0.2364969253540039
-0.07860660552978516
-0.17493724822998047
2.0180702209472656
0.6879472732543945
-0.525670051574707
1.7018699645996094
-0.8401870727539062
0.8985638618469238
1.0434651374816895
0.9679698944091797
-0.025191307067871094
-1.6998004913330078
0.22649765014648438
-0.11538982391357422
-0.9328508377075195
0.25322675704956055
-0.1704120635986328
0.5632185935974121
-0.6187534332275391
0.3498077392578125
-1.140434741973877
-1.8823957443237305
0.39763927459716797
0.4296398162841797
1.4201951026916504
-0.3070640563964844
1.9130802154541016
-0.22123336791992188
0.7831716537475586
0.2655458450317383
-0.8345270156860352
0.3113842010498047
1.892848014831543
-0.12436628341674805
-1.3827991485595703
-0.8044242858886719
-4.1332244873046875
0.25902748107910156
0.996696949005127
0.7812070846557617
-0.9372806549072266
-0.407564640045166
0.27874231338500977
-0.8989953994750977
0.5843114852905273
1.2077760696411133
0.1027989387512207
1.8313932418823242
-1.7963027954101562
-1.1951875686645508
-0.8547592163085938
-0.2430438995361328
-0.36388397216796875
-0.8291769027709961
-2.0310592651367188
0.1507425308227539
2.372732162475586
-1.3742733001708984
-0.10225772857666016
0.2904081344604492
1.100621223449707
1.0123395919799805
0.5890154838562012
0.4456806182861328
0.31510353088378906
0.5426359176635742
0.40685415267944336
0.30106067657470703
1.8412303924560547
1.0569238662719727
-1.1993789672851562
-0.9344601631164551
0.2273726463317871
-0.29320716857910156
0.5727624893188477
1.1349916458129883
0.9351539611816406
-1.0340166091918945
0.5667543411254883
0.7950258255004883
-0.23258209228515625
0.7265996932983398
-0.8275699615478516
0.600430965423584
0.9809279441833496
1.522364616394043
-0.22708415985107422
-1.6121959686279297
0.8020544052124023
-0.0874948501586914
0.4586362838745117
-1.6428899765014648
0.8143353462219238
-0.19240856170654297
1.0315561294555664
0.6835031509399414
0.16792774200439453
-0.5869817733764648
-1.1765193939208984
-0.23158788681030273
-0.056433677673339844
0.3722524642944336
1.7770862579345703
-0.2130413055419922
-1.2740850448608398
-0.5362915992736816
0.11638641357421875
-0.6110048294067383
1.8973970413208008
0.7307529449462891
-0.7384228706359863
-0.498046875
1.1002445220947266
-1.217341423034668
-0.8535289764404297
0.4621243476867676
-1.3904762268066406
-0.7471704483032227
-1.0663557052612305
-0.5410242080688477
-1.258254051208496
1.7624211311340332
-0.8401155471801758
0.3424859046936035
0.15595436096191406
-0.8132839202880859
-0.0895833969116211
-0.5266666412353516
-0.4269742965698242
0.9563302993774414
-0.014872550964355469
-1.1276817321777344
0.6293439865112305
0.3007340431213379
1.3553595542907715
-0.8535051345825195
-1.302342414855957
0.9151077270507812
-0.5039882659912109
1.3314509391784668
0.06613969802856445
0.8995485305786133
-1.6598701477050781
0.5025625228881836
0.4931163787841797
1.0639405250549316
